1	4,5	13,5	31,9
2	38,1	6,9
3	18,6	9,6	16,3
4	7,4	1,4	46,9
5	40,2	42,2	43,6	32,6
6	14,1	29,8	2,8
7	38,3	4,3	48,9
8	27,5	47,5	33,5	11,4
9	3,7	10,3
10	16,7	9,4	49,4
11	21,5	20,4	8,6	34,6
12	45,4	33,4	41,4	27,3
13	1,6	26,6	17,9
14	6,2	48,2	32,8	38,8
15	34,6	36,6	20,7	17,7
16	33,6	10,6	3,4	47,4
17	31,6	35,6	15,8	13,8
18	41,5	3,5	33,3
19	32,3	44,3	42,7	48,7
20	11,6	24,5	47,6	15,6
21	42,4	11,4	27,6	44,6
22	37,0	30,3
23	37,3	41,3	45,2
24	20,7	49,6	36,5
25	43,3	27,3	45,5	42,5
26	13,7	35,9
27	25,4	8,3	12,5	21,5
28	30,2	45,2	37,4	43,4
29	32,1	40,7	6,7
30	28,1	22,4	39,4
31	46,5	17,5	34,8	1,8
32	29,2	19,2	5,7	14,7
33	12,5	16,5	18,4	8,4
34	44,5	15,5	11,7	31,7
35	17,7	36,8	26,7
36	15,7	24,7	35,6
37	22,2	23,1	28,3
38	2,2	7,2	14,9
39	43,1	30,5	40,5
40	5,1	39,6	29,6
41	23,4	18,4	12,3
42	5,3	21,3	25,6	19,6
43	39,2	25,2	28,5	5,5
44	19,4	34,4	21,7	46,7
45	28,3	12,2	23,4	25,4
46	48,4	31,4	44,8	4,8
47	8,6	49,6	16,5	20,5
48	14,3	46,3	19,8	7,8
49	47,7	10,5	24,5
